MEANS = [ ...
	73.53, 29.94, 17.76; ...
	249.71, 233.94, 217.49; ...
	161.68, 116.25, 96.95; ...
	186.07, 136.62, 114.40; ...
	189.26, 98.37, 51.18; ...
	247.00, 152.20, 90.84; ...
	150.10, 72.66, 37.76; ...
	206.85, 171.09, 156.34; ...
	212.78, 152.82, 120.04; ...
	234.87, 175.43, 138.94; ...
	151.19, 97.74, 74.59; ...
	120.52, 77.55, 59.82; ...
	192.20, 119.62, 82.32; ...
	214.29, 136.08, 87.24; ...
	99.57, 54.33, 38.06; ...
	238.88, 203.08, 176.91 ...
];

COVS = [ ...
	765.40, 121.44, 112.80; ...
	39.94, 154.44, 396.05; ...
	291.03, 60.48, 162.85; ...
	274.95, 64.60, 198.27; ...
	633.18, 222.40, 250.69; ...
	65.23, 691.53, 609.92; ...
	408.63, 200.77, 257.57; ...
	530.08, 155.08, 572.79; ...
	160.57, 84.52, 243.90; ...
	163.80, 121.57, 279.22; ...
	425.40, 73.56, 175.11; ...
	330.45, 70.34, 151.82; ...
	152.76, 92.14, 259.15; ...
	204.90, 140.17, 270.19; ...
	448.13, 90.18, 151.29; ...
	178.38, 156.27, 404.99 ...
];

WEIGHTS = [ ...
	0.0294, ...
	0.0331, ...
	0.0654, ...
	0.0756, ...
	0.0554, ...
	0.0314, ...
	0.0454, ...
	0.0469, ...
	0.0956, ...
	0.0763, ...
	0.1100, ...
	0.0676, ...
	0.0755, ...
	0.0500, ...
	0.0667, ...
	0.0749 ...
];
